>ThioMac-PU.1-ChIP-Seq(GSE21512)
00.419	0.275	0.277	0.028
00.001	0.001	0.001	0.997
00.010	0.002	0.965	0.023
00.984	0.003	0.001	0.012
00.062	0.579	0.305	0.054
00.026	0.001	0.001	0.972
00.043	0.943	0.001	0.012
00.980	0.005	0.001	0.014
00.050	0.172	0.307	0.471
00.149	0.444	0.211	0.195
>MCF7-TFAP2C-ChIP-Seq(GSE21234)
00.005	0.431	0.547	0.017
00.001	0.997	0.001	0.001
00.001	0.947	0.001	0.051
00.003	0.304	0.001	0.692
00.061	0.437	0.411	0.091
00.688	0.004	0.289	0.019
00.063	0.001	0.935	0.001
00.001	0.001	0.997	0.001
00.009	0.487	0.503	0.001
00.281	0.458	0.059	0.201
00.552	0.128	0.170	0.150
00.232	0.185	0.201	0.381
>Hela-AP2alpha-ChIP-Seq(GSE31477)
00.408	0.209	0.161	0.221
00.153	0.088	0.111	0.647
00.166	0.063	0.596	0.175
00.008	0.636	0.348	0.008
00.001	0.997	0.001	0.001
00.001	0.941	0.001	0.057
00.020	0.184	0.018	0.778
00.099	0.353	0.506	0.042
00.683	0.009	0.302	0.006
00.028	0.001	0.970	0.001
00.001	0.001	0.997	0.001
00.014	0.607	0.368	0.011
>AML-Tfap4-ChIP-Seq(GSE45738)
00.322	0.237	0.217	0.223
00.419	0.250	0.207	0.123
00.330	0.268	0.115	0.287
00.014	0.955	0.014	0.017
00.941	0.017	0.018	0.024
00.020	0.020	0.913	0.047
00.060	0.899	0.021	0.020
00.022	0.019	0.017	0.942
00.017	0.016	0.954	0.013
00.244	0.100	0.288	0.368
>LNCAP-AR-ChIP-Seq(GSE27824)
00.571	0.008	0.138	0.283
00.343	0.028	0.598	0.031
00.023	0.405	0.001	0.571
00.951	0.047	0.001	0.001
00.977	0.021	0.001	0.001
00.997	0.001	0.001	0.001
00.001	0.664	0.003	0.333
00.946	0.003	0.010	0.041
00.498	0.164	0.182	0.156
00.504	0.164	0.177	0.156
00.509	0.166	0.179	0.146
00.612	0.107	0.114	0.166
00.672	0.001	0.270	0.057
00.151	0.001	0.778	0.070
00.483	0.153	0.099	0.265
00.968	0.001	0.005	0.026
00.003	0.991	0.005	0.001
00.887	0.001	0.001	0.111
00.254	0.213	0.221	0.312
00.353	0.088	0.234	0.324
>LNCAP-AR-ChIP-Seq(GSE27824)
00.467	0.001	0.427	0.104
00.054	0.001	0.923	0.022
00.390	0.201	0.276	0.133
00.890	0.026	0.039	0.045
00.001	0.988	0.010	0.001
00.832	0.001	0.043	0.124
00.096	0.291	0.414	0.199
00.262	0.233	0.243	0.262
00.203	0.409	0.292	0.096
00.123	0.046	0.001	0.830
00.001	0.011	0.987	0.001
00.047	0.042	0.018	0.892
00.127	0.268	0.198	0.407
00.011	0.944	0.001	0.044
00.102	0.411	0.001	0.485
00.144	0.261	0.240	0.356
>LNCaP-AR-ChIP-Seq(GSE27824)
00.122	0.483	0.277	0.118
00.204	0.613	0.009	0.174
00.439	0.124	0.187	0.250
00.335	0.001	0.663	0.001
00.001	0.001	0.997	0.001
00.471	0.273	0.168	0.089
00.997	0.001	0.001	0.001
00.001	0.994	0.004	0.001
00.965	0.001	0.001	0.033
00.031	0.331	0.533	0.104
>MCF7-Arnt-ChIP-Seq(Lo_et_al.)
00.282	0.202	0.069	0.447
00.151	0.310	0.329	0.210
00.188	0.053	0.476	0.284
00.014	0.970	0.003	0.013
00.927	0.028	0.001	0.044
00.033	0.826	0.051	0.090
00.029	0.017	0.951	0.003
00.123	0.765	0.067	0.045
00.681	0.148	0.046	0.125
00.526	0.219	0.143	0.112
>NeuralTubes-Ascl1-ChIP-Seq(GSE55840)
00.259	0.228	0.272	0.241
00.218	0.270	0.250	0.263
00.288	0.318	0.337	0.057
00.271	0.315	0.324	0.089
00.078	0.848	0.059	0.015
00.847	0.001	0.001	0.151
00.062	0.085	0.690	0.163
00.233	0.495	0.238	0.034
00.101	0.066	0.063	0.770
00.002	0.001	0.918	0.079
00.079	0.365	0.284	0.272
00.200	0.277	0.202	0.322
>K562-ATF1-ChIP-Seq(GSE31477)
00.202	0.227	0.397	0.173
00.466	0.202	0.291	0.041
00.023	0.046	0.020	0.911
00.016	0.026	0.759	0.199
00.870	0.001	0.068	0.061
00.025	0.748	0.059	0.168
00.143	0.069	0.771	0.017
00.057	0.168	0.005	0.770
00.323	0.635	0.031	0.011
00.857	0.021	0.072	0.050
>3T3L1-Atf2-ChIP-Seq(GSE56872)
00.209	0.287	0.276	0.228
00.239	0.195	0.379	0.188
00.429	0.226	0.283	0.062
00.047	0.025	0.020	0.908
00.016	0.028	0.825	0.131
00.750	0.026	0.105	0.119
00.057	0.569	0.177	0.197
00.206	0.144	0.580	0.070
00.095	0.105	0.044	0.756
00.132	0.798	0.042	0.028
00.890	0.025	0.029	0.056
00.073	0.280	0.215	0.432
>GBM-ATF3-ChIP-Seq(GSE33912)
00.305	0.134	0.316	0.245
00.486	0.214	0.275	0.025
00.001	0.001	0.001	0.997
00.001	0.001	0.946	0.052
00.997	0.001	0.001	0.001
00.047	0.454	0.452	0.048
00.001	0.001	0.001	0.997
00.052	0.946	0.001	0.001
00.997	0.001	0.001	0.001
00.025	0.278	0.213	0.484
00.243	0.327	0.131	0.300
00.256	0.266	0.231	0.247
>MEF-Atf4-ChIP-Seq(GSE35681)
00.490	0.342	0.159	0.010
00.001	0.012	0.001	0.986
00.006	0.002	0.975	0.017
00.965	0.007	0.010	0.018
00.001	0.024	0.002	0.973
00.001	0.001	0.997	0.001
00.130	0.661	0.001	0.208
00.994	0.004	0.001	0.001
00.997	0.001	0.001	0.001
00.015	0.316	0.124	0.545
>3T3L1-Atf7-ChIP-Seq(GSE56872)
00.238	0.303	0.285	0.175
00.226	0.167	0.389	0.219
00.407	0.195	0.320	0.078
00.017	0.019	0.006	0.958
00.001	0.039	0.800	0.160
00.827	0.019	0.081	0.073
00.033	0.665	0.139	0.163
00.182	0.123	0.666	0.029
00.076	0.069	0.038	0.817
00.136	0.813	0.045	0.006
00.914	0.010	0.044	0.032
00.053	0.317	0.219	0.411
>Cerebellum-Atoh1-ChIP-Seq(GSE22111)
00.296	0.237	0.323	0.146
00.209	0.237	0.271	0.285
00.488	0.038	0.468	0.008
00.280	0.420	0.300	0.002
00.002	0.995	0.002	0.002
00.995	0.002	0.002	0.002
00.002	0.002	0.719	0.278
00.381	0.616	0.002	0.002
00.002	0.002	0.002	0.995
00.002	0.002	0.995	0.002
00.002	0.269	0.500	0.230
00.036	0.461	0.058	0.446
>K562-Bach1-ChIP-Seq(GSE31477)
00.434	0.088	0.224	0.254
00.486	0.059	0.094	0.361
00.440	0.065	0.092	0.404
00.264	0.241	0.197	0.298
00.084	0.037	0.008	0.871
00.002	0.002	0.995	0.001
00.067	0.927	0.001	0.005
00.005	0.005	0.001	0.989
00.001	0.001	0.966	0.032
00.958	0.001	0.002	0.039
00.016	0.166	0.795	0.023
00.001	0.001	0.001	0.997
00.020	0.978	0.001	0.001
00.997	0.001	0.001	0.001
00.033	0.246	0.118	0.603
>OCILy7-Bach2-ChIP-Seq(GSE44420)
00.150	0.132	0.147	0.571
00.023	0.142	0.819	0.016
00.213	0.739	0.035	0.013
00.008	0.011	0.001	0.980
00.006	0.001	0.960	0.033
00.965	0.001	0.001	0.033
00.033	0.369	0.575	0.023
00.001	0.001	0.001	0.997
00.032	0.966	0.001	0.001
00.992	0.001	0.006	0.001
>VertebralCol-Bapx1-ChIP-Seq(GSE36672)
00.056	0.334	0.104	0.506
00.177	0.231	0.156	0.436
00.497	0.001	0.501	0.001
00.962	0.005	0.012	0.021
00.009	0.001	0.882	0.108
00.024	0.001	0.001	0.974
00.140	0.001	0.858	0.001
00.079	0.289	0.425	0.208
00.189	0.274	0.127	0.410
00.188	0.124	0.280	0.408
>pDC-Irf8-ChIP-Seq(GSE66899)
00.051	0.508	0.300	0.141
00.004	0.017	0.001	0.978
00.001	0.123	0.001	0.875
00.004	0.081	0.004	0.911
00.001	0.987	0.004	0.008
00.619	0.103	0.047	0.231
00.242	0.222	0.244	0.291
00.246	0.009	0.034	0.711
00.465	0.180	0.064	0.291
00.001	0.001	0.001	0.997
00.034	0.111	0.611	0.244
00.884	0.021	0.009	0.086
00.161	0.513	0.257	0.069
00.183	0.051	0.017	0.749
00.243	0.360	0.235	0.162
>Th17-BATF-ChIP-Seq(GSE39756)
00.258	0.115	0.308	0.319
00.494	0.221	0.193	0.092
00.001	0.001	0.001	0.997
00.001	0.001	0.900	0.098
00.986	0.001	0.001	0.012
00.030	0.456	0.481	0.033
00.007	0.001	0.001	0.991
00.095	0.899	0.004	0.002
00.997	0.001	0.001	0.001
00.087	0.209	0.225	0.479
>Liver-Bcl6-ChIP-Seq(GSE31578)
00.225	0.277	0.206	0.292
00.271	0.206	0.219	0.304
00.221	0.218	0.348	0.213
00.218	0.390	0.164	0.228
00.120	0.234	0.061	0.585
00.032	0.207	0.052	0.709
00.027	0.058	0.031	0.884
00.017	0.888	0.023	0.072
00.025	0.648	0.012	0.315
00.623	0.009	0.025	0.343
00.116	0.013	0.842	0.029
00.065	0.033	0.867	0.035
00.788	0.048	0.136	0.028
00.867	0.041	0.053	0.039
00.412	0.175	0.222	0.190
>HepG2-BHLHE40-ChIP-Seq(GSE31477)
00.144	0.077	0.458	0.321
00.028	0.970	0.001	0.001
00.997	0.001	0.001	0.001
00.001	0.933	0.001	0.065
00.040	0.001	0.958	0.001
00.001	0.001	0.001	0.997
00.001	0.001	0.997	0.001
00.379	0.430	0.069	0.121
00.193	0.381	0.203	0.223
00.201	0.288	0.221	0.290
>Liver-Bmal1-ChIP-Seq(GSE39860)
00.209	0.162	0.449	0.180
00.240	0.235	0.249	0.275
00.027	0.961	0.007	0.005
00.984	0.001	0.004	0.011
00.002	0.929	0.001	0.068
00.095	0.019	0.885	0.001
00.008	0.015	0.002	0.975
00.004	0.002	0.960	0.034
>Hela-BMYB-ChIP-Seq(GSE27030)
00.211	0.282	0.234	0.273
00.310	0.274	0.014	0.402
00.991	0.001	0.001	0.007
00.997	0.001	0.001	0.001
00.008	0.990	0.001	0.001
00.129	0.245	0.303	0.322
00.001	0.001	0.997	0.001
00.209	0.386	0.066	0.339
00.161	0.432	0.004	0.403
00.317	0.234	0.300	0.150
>K562-CTCFL-ChIP-Seq(GSE32465)
00.173	0.416	0.246	0.165
00.226	0.275	0.229	0.270
00.288	0.299	0.259	0.154
00.105	0.320	0.268	0.307
00.334	0.114	0.416	0.136
00.060	0.326	0.554	0.060
00.052	0.562	0.052	0.334
00.037	0.005	0.827	0.131
00.023	0.960	0.013	0.004
00.001	0.997	0.001	0.001
00.245	0.670	0.027	0.058
00.001	0.689	0.001	0.309
00.001	0.997	0.001	0.001
00.050	0.043	0.017	0.890
00.253	0.073	0.525	0.149
00.004	0.418	0.546	0.032
00.172	0.150	0.055	0.623
00.001	0.001	0.997	0.001
00.019	0.063	0.865	0.053
00.192	0.432	0.150	0.226
>Mesoendoderm-Brachyury-ChIP-exo(GSE54963)
00.402	0.156	0.211	0.231
00.256	0.196	0.221	0.326
00.090	0.251	0.086	0.573
00.020	0.110	0.001	0.869
00.352	0.402	0.166	0.080
00.442	0.065	0.347	0.146
00.001	0.969	0.020	0.010
00.859	0.001	0.085	0.055
00.105	0.482	0.337	0.075
00.171	0.332	0.221	0.276
00.201	0.221	0.241	0.337
00.347	0.221	0.226	0.206
00.231	0.196	0.342	0.231
00.116	0.292	0.502	0.090
00.055	0.070	0.030	0.845
00.001	0.025	0.959	0.015
00.161	0.367	0.055	0.417
00.080	0.196	0.352	0.372
00.904	0.001	0.070	0.025
00.603	0.101	0.206	0.090
00.261	0.236	0.246	0.256
>NPC-Brn1-ChIP-Seq(GSE35496)
00.199	0.248	0.135	0.419
00.997	0.001	0.001	0.001
00.001	0.001	0.001	0.997
00.001	0.001	0.947	0.051
00.001	0.639	0.135	0.225
00.521	0.001	0.001	0.477
00.882	0.001	0.116	0.001
00.997	0.001	0.001	0.001
00.062	0.032	0.177	0.729
00.111	0.244	0.307	0.338
00.428	0.219	0.137	0.215
00.267	0.209	0.350	0.173
>NPC-Brn2-ChIP-Seq(GSE35496)
00.874	0.016	0.012	0.098
00.001	0.007	0.005	0.987
00.064	0.089	0.826	0.021
00.631	0.333	0.001	0.035
00.888	0.003	0.075	0.034
00.010	0.001	0.001	0.988
00.993	0.002	0.003	0.002
00.403	0.012	0.003	0.582
00.056	0.003	0.255	0.686
00.001	0.546	0.213	0.240
>Th17-BatF-ChIP-Seq(GSE39756)
00.198	0.300	0.219	0.282
00.495	0.032	0.261	0.212
00.027	0.293	0.547	0.133
00.006	0.023	0.011	0.960
00.008	0.136	0.028	0.828
00.007	0.037	0.004	0.952
00.001	0.956	0.017	0.026
00.636	0.087	0.037	0.240
00.150	0.193	0.315	0.341
00.197	0.029	0.077	0.697
00.318	0.241	0.065	0.376
00.005	0.001	0.002	0.992
00.016	0.148	0.696	0.140
00.840	0.038	0.039	0.083
00.153	0.546	0.266	0.035
00.168	0.056	0.019	0.757
00.208	0.323	0.257	0.212
00.369	0.164	0.173	0.294
>mES-Cdx2-ChIP-Seq(GSE14586)
00.209	0.058	0.733	0.001
00.001	0.444	0.001	0.554
00.489	0.493	0.001	0.017
00.997	0.001	0.001	0.001
00.001	0.001	0.001	0.997
00.997	0.001	0.001	0.001
00.997	0.001	0.001	0.001
00.997	0.001	0.001	0.001
00.678	0.115	0.073	0.135
00.243	0.285	0.154	0.318
>ZebrafishEmbryos-Cdx4.Myc-ChIP-Seq(GSE48254)
00.234	0.275	0.313	0.178
00.243	0.208	0.448	0.102
00.040	0.496	0.034	0.430
00.243	0.493	0.026	0.237
00.609	0.039	0.325	0.027
00.005	0.037	0.003	0.955
00.872	0.013	0.011	0.104
00.950	0.007	0.001	0.042
00.978	0.004	0.001	0.017
00.342	0.177	0.191	0.289
00.213	0.390	0.184	0.213
00.356	0.250	0.165	0.229
>ThioMac-CEBPb-ChIP-Seq(GSE21512)
00.290	0.093	0.336	0.281
00.464	0.160	0.356	0.020
00.016	0.001	0.006	0.977
00.045	0.001	0.921	0.033
00.378	0.003	0.001	0.618
00.081	0.049	0.117	0.752
00.004	0.001	0.994	0.001
00.063	0.867	0.001	0.069
00.997	0.001	0.001	0.001
00.986	0.009	0.001	0.003
>MEF-Chop-ChIP-Seq(GSE35681)
00.319	0.276	0.211	0.195
00.219	0.189	0.157	0.435
00.281	0.178	0.246	0.295
00.408	0.184	0.195	0.214
00.108	0.046	0.146	0.700
00.001	0.001	0.967	0.031
00.202	0.673	0.001	0.124
00.997	0.001	0.001	0.001
00.967	0.001	0.031	0.001
00.011	0.327	0.186	0.476
00.381	0.362	0.119	0.138
00.216	0.232	0.308	0.243
00.268	0.232	0.268	0.232
00.359	0.227	0.192	0.222
00.262	0.016	0.124	0.598
00.001	0.002	0.995	0.002
00.362	0.462	0.008	0.168
00.973	0.021	0.005	0.001
00.983	0.001	0.001	0.015
00.078	0.295	0.189	0.438
>ThioMac-CEBPb-ChIP-Seq(GSE21512)
00.812	0.102	0.061	0.026
00.001	0.003	0.001	0.995
00.001	0.001	0.026	0.972
00.104	0.001	0.795	0.100
00.076	0.624	0.055	0.244
00.192	0.061	0.644	0.104
00.102	0.757	0.003	0.138
00.971	0.027	0.001	0.001
00.993	0.001	0.005	0.001
00.037	0.664	0.143	0.157
>MEF-Chop-ChIP-Seq(GSE35681)
00.503	0.160	0.298	0.039
00.009	0.008	0.006	0.977
00.003	0.004	0.024	0.969
00.250	0.004	0.546	0.200
00.027	0.963	0.002	0.008
00.929	0.016	0.050	0.005
00.040	0.024	0.011	0.925
00.015	0.966	0.012	0.007
00.957	0.008	0.030	0.005
00.019	0.145	0.338	0.499
>Hela-CellCycle-Expression
00.233	0.453	0.313	0.001
00.408	0.051	0.540	0.001
00.172	0.051	0.582	0.195
00.283	0.073	0.035	0.609
00.001	0.012	0.001	0.986
00.012	0.001	0.001	0.986
00.001	0.679	0.185	0.135
00.997	0.001	0.001	0.001
00.997	0.001	0.001	0.001
00.986	0.012	0.001	0.001
>Liver-Clock-ChIP-Seq(GSE39860)
00.232	0.131	0.488	0.150
00.292	0.219	0.164	0.324
00.020	0.935	0.018	0.027
00.980	0.001	0.006	0.013
00.001	0.949	0.001	0.049
00.076	0.013	0.910	0.001
00.008	0.016	0.001	0.975
00.029	0.012	0.942	0.017
>LNCAP-cMyc-ChIP-Seq(Unpublished)
00.327	0.218	0.319	0.135
00.115	0.600	0.224	0.061
00.022	0.950	0.017	0.012
00.890	0.001	0.094	0.015
00.001	0.996	0.001	0.002
00.001	0.001	0.997	0.001
00.002	0.080	0.001	0.917
00.013	0.008	0.953	0.026
>mES-cMyc-ChIP-Seq(GSE11431)
00.251	0.225	0.369	0.155
00.311	0.197	0.336	0.156
00.138	0.504	0.336	0.022
00.001	0.997	0.001	0.001
00.992	0.001	0.006	0.001
00.001	0.932	0.001	0.066
00.112	0.001	0.886	0.001
00.001	0.001	0.001	0.997
00.001	0.001	0.997	0.001
00.023	0.320	0.526	0.130
>Artia-Nr2f2-ChIP-Seq(GSE46497)
00.466	0.170	0.228	0.136
00.251	0.067	0.650	0.032
00.545	0.005	0.449	0.001
00.001	0.006	0.971	0.022
00.014	0.006	0.965	0.015
00.001	0.015	0.043	0.941
00.014	0.915	0.031	0.040
00.945	0.001	0.053	0.001
>Promoter
00.089	0.490	0.225	0.196
00.077	0.378	0.437	0.109
00.067	0.308	0.604	0.021
00.001	0.030	0.001	0.968
00.001	0.203	0.795	0.001
00.981	0.001	0.017	0.001
00.001	0.976	0.001	0.022
00.023	0.001	0.975	0.001
00.001	0.027	0.001	0.971
00.001	0.800	0.198	0.001
00.977	0.001	0.021	0.001
00.005	0.649	0.281	0.065
>Retina-Crx-ChIP-Seq(GSE20012)
00.148	0.245	0.445	0.162
00.132	0.528	0.062	0.278
00.022	0.004	0.001	0.973
00.890	0.003	0.023	0.084
00.975	0.011	0.006	0.008
00.001	0.006	0.183	0.811
00.001	0.978	0.016	0.005
00.012	0.754	0.013	0.222
>CD4+-CTCF-ChIP-Seq(Barski_et_al.)
00.447	0.221	0.181	0.151
00.037	0.340	0.236	0.386
00.499	0.061	0.330	0.110
00.033	0.377	0.528	0.061
00.023	0.378	0.005	0.593
00.061	0.005	0.887	0.047
00.079	0.905	0.005	0.010
00.002	0.994	0.001	0.003
00.501	0.475	0.007	0.016
00.002	0.527	0.004	0.467
00.003	0.995	0.001	0.001
00.030	0.036	0.004	0.930
00.382	0.042	0.446	0.130
00.020	0.273	0.686	0.021
00.047	0.039	0.014	0.900
00.002	0.001	0.995	0.002
00.040	0.034	0.873	0.053
00.161	0.527	0.061	0.250
00.277	0.428	0.117	0.178
00.541	0.092	0.267	0.100
>CD4+-CTCF-ChIP-Seq(Barski_et_al.)
00.051	0.010	0.033	0.905
00.003	0.005	0.991	0.001
00.015	0.930	0.001	0.054
00.935	0.008	0.001	0.056
00.203	0.064	0.707	0.026
00.023	0.023	0.018	0.936
00.244	0.041	0.165	0.550
00.049	0.905	0.013	0.033
00.090	0.738	0.005	0.167
00.373	0.329	0.136	0.162
00.380	0.254	0.260	0.105
00.303	0.314	0.208	0.175
00.398	0.149	0.152	0.301
00.293	0.157	0.378	0.172
00.051	0.319	0.044	0.586
00.275	0.057	0.517	0.152
00.244	0.041	0.638	0.077
00.041	0.951	0.003	0.005
00.001	0.995	0.001	0.003
00.928	0.003	0.015	0.054
>Liver-Cux2-ChIP-Seq(GSE35985)
00.354	0.210	0.193	0.242
00.167	0.218	0.311	0.303
00.373	0.213	0.224	0.190
00.632	0.001	0.361	0.006
00.959	0.001	0.039	0.001
00.001	0.001	0.024	0.974
00.008	0.964	0.027	0.001
00.773	0.001	0.225	0.001
00.997	0.001	0.001	0.001
00.014	0.001	0.001	0.984
>Testis-DMC1-ChIP-Seq(GSE24438)
00.482	0.109	0.229	0.180
00.257	0.535	0.088	0.120
00.107	0.256	0.001	0.636
00.036	0.527	0.055	0.382
00.225	0.156	0.238	0.382
00.331	0.287	0.197	0.185
00.676	0.080	0.162	0.082
00.037	0.146	0.314	0.503
00.005	0.010	0.006	0.979
00.009	0.613	0.001	0.377
00.199	0.170	0.438	0.193
00.319	0.001	0.057	0.623
00.001	0.001	0.997	0.001
00.212	0.272	0.262	0.255
00.030	0.053	0.018	0.899
00.559	0.026	0.372	0.043
00.008	0.964	0.002	0.026
00.032	0.075	0.001	0.892
00.030	0.071	0.030	0.869
00.250	0.427	0.060	0.263
>Testis-DMRT1-ChIP-Seq(GSE64892)
00.242	0.178	0.144	0.436
00.292	0.057	0.239	0.412
00.105	0.042	0.757	0.096
00.362	0.273	0.044	0.322
00.346	0.115	0.061	0.478
00.916	0.008	0.013	0.063
00.054	0.848	0.040	0.058
00.688	0.027	0.006	0.279
00.387	0.097	0.108	0.408
00.273	0.009	0.034	0.684
00.068	0.042	0.826	0.064
00.053	0.011	0.014	0.922
00.459	0.068	0.128	0.345
00.302	0.057	0.272	0.370
00.106	0.722	0.053	0.119
>Testis-DMRT6-ChIP-Seq(GSE60440)
00.208	0.219	0.205	0.367
00.307	0.056	0.261	0.376
00.087	0.044	0.778	0.091
00.372	0.284	0.044	0.300
00.286	0.132	0.051	0.531
00.957	0.001	0.002	0.040
00.033	0.867	0.047	0.053
00.689	0.036	0.008	0.267
00.390	0.109	0.100	0.401
00.270	0.004	0.031	0.695
00.039	0.049	0.882	0.030
00.040	0.003	0.001	0.956
00.502	0.054	0.119	0.325
00.272	0.054	0.292	0.382
00.084	0.748	0.053	0.115
>ES-RAR-ChIP-Seq(GSE56893)
00.662	0.057	0.280	0.001
00.001	0.001	0.985	0.013
00.014	0.001	0.630	0.355
00.001	0.068	0.035	0.896
00.029	0.910	0.029	0.032
00.997	0.001	0.001	0.001
00.860	0.001	0.138	0.001
00.117	0.001	0.881	0.001
00.001	0.011	0.888	0.100
00.257	0.138	0.190	0.415
00.071	0.639	0.189	0.101
00.602	0.032	0.246	0.120
>ES-RAR-ChIP-Seq(GSE56893)
00.509	0.001	0.489	0.001
00.019	0.001	0.961	0.019
00.001	0.001	0.803	0.195
00.001	0.058	0.117	0.824
00.001	0.823	0.137	0.039
00.921	0.001	0.039	0.039
00.216	0.157	0.353	0.274
00.235	0.255	0.313	0.196
00.196	0.314	0.274	0.216
00.412	0.196	0.157	0.235
00.236	0.255	0.431	0.078
00.744	0.001	0.254	0.001
00.038	0.001	0.960	0.001
00.001	0.001	0.764	0.234
00.079	0.117	0.177	0.627
00.001	0.882	0.116	0.001
00.997	0.001	0.001	0.001
00.216	0.352	0.295	0.137
>proBcell-E2A-ChIP-Seq(GSE21978)
00.352	0.171	0.238	0.239
00.292	0.294	0.253	0.161
00.428	0.218	0.353	0.001
00.001	0.997	0.001	0.001
00.997	0.001	0.001	0.001
00.001	0.238	0.753	0.008
00.001	0.871	0.127	0.001
00.001	0.001	0.001	0.997
00.001	0.001	0.997	0.001
00.007	0.476	0.178	0.339
>Hela-E2F1-ChIP-Seq(GSE22478)
00.213	0.424	0.224	0.141
00.257	0.158	0.210	0.377
00.062	0.147	0.790	0.002
00.002	0.002	0.995	0.002
00.002	0.995	0.002	0.002
00.002	0.002	0.995	0.002
00.002	0.080	0.917	0.002
00.002	0.015	0.982	0.002
00.995	0.002	0.002	0.002
00.949	0.002	0.048	0.002
>K562-E2F4-ChIP-Seq(GSE31477)
00.173	0.303	0.508	0.016
00.015	0.051	0.933	0.001
00.032	0.966	0.001	0.001
00.001	0.153	0.845	0.001
00.009	0.323	0.667	0.001
00.103	0.150	0.698	0.049
00.815	0.079	0.036	0.070
00.719	0.073	0.122	0.086
00.550	0.101	0.165	0.184
00.260	0.264	0.087	0.389
>Hela-E2F6-ChIP-Seq(GSE31477)
00.254	0.262	0.434	0.051
00.034	0.040	0.922	0.004
00.137	0.732	0.027	0.104
00.010	0.142	0.819	0.029
00.060	0.061	0.768	0.111
00.044	0.063	0.867	0.026
00.937	0.012	0.050	0.001
00.617	0.046	0.262	0.075
00.372	0.175	0.289	0.164
00.200	0.257	0.300	0.243
>Hela-E2F7-ChIP-Seq(GSE32673)
00.208	0.350	0.276	0.166
00.290	0.171	0.215	0.323
00.104	0.105	0.179	0.612
00.001	0.152	0.001	0.846
00.001	0.037	0.001	0.961
00.001	0.997	0.001	0.001
00.001	0.730	0.268	0.001
00.001	0.997	0.001	0.001
00.001	0.001	0.987	0.011
00.001	0.978	0.020	0.001
00.001	0.653	0.284	0.062
00.410	0.222	0.140	0.228
>Hela-CellCycle-Expression
00.035	0.275	0.114	0.576
00.001	0.169	0.106	0.724
00.035	0.538	0.427	0.001
00.001	0.274	0.724	0.001
00.001	0.997	0.001	0.001
00.001	0.001	0.997	0.001
00.001	0.598	0.400	0.001
00.001	0.239	0.759	0.001
00.882	0.050	0.051	0.017
00.929	0.001	0.069	0.001
00.917	0.017	0.065	0.001
00.530	0.084	0.264	0.122
>Bcell-PU.1-ChIP-Seq(GSE21512)
00.218	0.303	0.259	0.220
00.316	0.261	0.257	0.166
00.001	0.997	0.001	0.001
00.997	0.001	0.001	0.001
00.001	0.997	0.001	0.001
00.001	0.997	0.001	0.001
00.001	0.001	0.001	0.997
00.001	0.001	0.997	0.001
00.135	0.370	0.251	0.244
00.279	0.268	0.213	0.240
>proBcell-EBF-ChIP-Seq(GSE21978)
00.287	0.122	0.352	0.240
00.076	0.283	0.458	0.182
00.005	0.160	0.001	0.833
00.001	0.997	0.001	0.001
00.001	0.845	0.001	0.153
00.001	0.997	0.001	0.001
00.227	0.348	0.032	0.393
00.396	0.024	0.347	0.233
00.001	0.001	0.997	0.001
00.117	0.001	0.881	0.001
00.001	0.001	0.997	0.001
00.849	0.001	0.133	0.017
>Near-E2A-ChIP-Seq(GSE21512)
00.184	0.170	0.443	0.203
00.067	0.170	0.263	0.501
00.021	0.618	0.075	0.286
00.012	0.930	0.001	0.057
00.021	0.862	0.001	0.116
00.038	0.917	0.001	0.044
00.538	0.055	0.003	0.405
00.146	0.006	0.770	0.078
00.179	0.001	0.794	0.026
00.019	0.001	0.979	0.001
00.210	0.045	0.724	0.021
00.500	0.204	0.242	0.054
>Raji-EBNA1-ChIP-Seq(GSE30709)
00.001	0.001	0.997	0.001
00.235	0.001	0.763	0.001
00.218	0.390	0.003	0.389
00.997	0.001	0.001	0.001
00.011	0.001	0.987	0.001
00.007	0.623	0.144	0.226
00.691	0.174	0.110	0.025
00.181	0.282	0.107	0.430
00.377	0.122	0.238	0.263
00.037	0.124	0.130	0.709
00.246	0.196	0.550	0.008
00.001	0.976	0.001	0.022
00.001	0.001	0.001	0.997
00.383	0.001	0.363	0.253
00.001	0.760	0.001	0.238
00.001	0.997	0.001	0.001
00.181	0.555	0.033	0.231
00.286	0.198	0.231	0.285
00.245	0.224	0.337	0.194
00.248	0.261	0.268	0.223
>Promoter
00.050	0.498	0.381	0.070
00.104	0.417	0.369	0.110
00.070	0.234	0.603	0.094
00.073	0.122	0.795	0.010
00.008	0.127	0.030	0.835
00.001	0.997	0.001	0.001
00.990	0.004	0.002	0.005
00.002	0.931	0.003	0.064
00.105	0.022	0.872	0.001
00.002	0.002	0.001	0.995
00.001	0.001	0.997	0.001
00.726	0.047	0.223	0.004
>K562-Egr1-ChIP-Seq(GSE32465)
00.128	0.072	0.142	0.658
00.078	0.036	0.882	0.004
00.154	0.523	0.023	0.300
00.001	0.001	0.997	0.001
00.001	0.001	0.282	0.716
00.027	0.001	0.971	0.001
00.001	0.002	0.973	0.024
00.001	0.001	0.997	0.001
00.153	0.415	0.010	0.422
00.034	0.002	0.940	0.024
>Thymocytes-Egr2-ChIP-Seq(GSE34254)
00.216	0.231	0.231	0.322
00.114	0.182	0.678	0.026
00.158	0.552	0.035	0.255
00.001	0.001	0.997	0.001
00.001	0.001	0.137	0.861
00.055	0.001	0.943	0.001
00.001	0.001	0.997	0.001
00.001	0.001	0.997	0.001
00.159	0.587	0.001	0.253
00.032	0.001	0.953	0.014
00.092	0.066	0.513	0.329
00.248	0.192	0.357	0.204
>LoVo-EHF-ChIP-Seq(GSE49402)
00.627	0.005	0.123	0.245
00.226	0.372	0.241	0.161
00.258	0.474	0.267	0.001
00.625	0.356	0.018	0.001
00.001	0.001	0.997	0.001
00.004	0.001	0.994	0.001
00.997	0.001	0.001	0.001
00.997	0.001	0.001	0.001
00.288	0.028	0.683	0.001
00.132	0.185	0.066	0.617
>Erythrocyte-Klf1-ChIP-Seq(GSE20478)
00.268	0.306	0.230	0.195
00.402	0.001	0.051	0.546
00.001	0.001	0.997	0.001
00.001	0.001	0.997	0.001
00.001	0.001	0.997	0.001
00.035	0.049	0.001	0.915
00.001	0.001	0.997	0.001
00.001	0.001	0.155	0.843
00.001	0.001	0.997	0.001
00.047	0.054	0.781	0.117
00.039	0.630	0.024	0.308
00.168	0.411	0.067	0.354
>Jurkat-ELF1-ChIP-Seq(SRA014231)
00.494	0.156	0.189	0.161
00.358	0.289	0.249	0.105
00.058	0.717	0.201	0.024
00.092	0.889	0.011	0.008
00.007	0.012	0.979	0.002
00.012	0.011	0.969	0.008
00.961	0.008	0.016	0.015
00.960	0.014	0.008	0.018
00.085	0.062	0.833	0.020
00.099	0.241	0.049	0.611
>T47D-ELF5-ChIP-Seq(GSE30407)
00.891	0.009	0.005	0.095
00.125	0.478	0.139	0.258
00.270	0.345	0.376	0.008
00.611	0.333	0.048	0.008
00.006	0.021	0.967	0.006
00.025	0.012	0.952	0.011
00.974	0.010	0.005	0.011
00.982	0.007	0.010	0.001
00.082	0.025	0.889	0.004
00.003	0.089	0.028	0.880
>Hela-Elk1-ChIP-Seq(GSE31477)
00.204	0.342	0.189	0.265
00.484	0.138	0.248	0.130
00.041	0.529	0.166	0.264
00.098	0.010	0.022	0.870
00.031	0.021	0.024	0.924
00.009	0.969	0.010	0.012
00.004	0.974	0.016	0.006
00.005	0.013	0.827	0.155
00.074	0.157	0.630	0.139
00.189	0.305	0.147	0.359
>Hela-Elk4-ChIP-Seq(GSE31477)
00.245	0.301	0.189	0.266
00.451	0.072	0.355	0.122
00.019	0.405	0.180	0.396
00.200	0.001	0.007	0.792
00.029	0.001	0.009	0.961
00.013	0.972	0.002	0.013
00.001	0.996	0.001	0.002
00.001	0.006	0.879	0.114
00.065	0.135	0.674	0.126
00.186	0.252	0.195	0.368
>H9-Eomes-ChIP-Seq(GSE26097)
00.463	0.190	0.149	0.198
00.038	0.063	0.016	0.883
00.006	0.028	0.001	0.965
00.572	0.342	0.047	0.039
00.563	0.018	0.149	0.270
00.001	0.996	0.001	0.002
00.947	0.008	0.008	0.037
00.026	0.856	0.117	0.001
00.093	0.695	0.017	0.195
00.096	0.117	0.007	0.780
>MCF7-ERa-ChIP-Seq(Unpublished)
00.353	0.257	0.221	0.168
00.664	0.016	0.268	0.052
00.060	0.001	0.801	0.138
00.028	0.004	0.950	0.018
00.057	0.033	0.154	0.755
00.001	0.928	0.031	0.040
00.934	0.007	0.026	0.033
00.144	0.421	0.262	0.173
00.219	0.308	0.251	0.222
00.166	0.283	0.387	0.164
00.037	0.015	0.007	0.941
00.042	0.024	0.933	0.001
00.729	0.164	0.038	0.069
00.022	0.934	0.005	0.040
00.158	0.763	0.001	0.078
>VCaP-ERG-ChIP-Seq(GSE14097)
00.536	0.119	0.250	0.096
00.050	0.877	0.072	0.001
00.810	0.188	0.001	0.001
00.001	0.001	0.997	0.001
00.001	0.001	0.997	0.001
00.997	0.001	0.001	0.001
00.964	0.001	0.001	0.034
00.330	0.001	0.668	0.001
00.034	0.272	0.062	0.631
00.267	0.160	0.437	0.136
>HepG2-Erra-ChIP-Seq(GSE31477)
00.023	0.791	0.047	0.139
00.604	0.358	0.028	0.011
00.682	0.021	0.288	0.009
00.877	0.001	0.118	0.004
00.001	0.001	0.997	0.001
00.015	0.011	0.814	0.159
00.025	0.139	0.176	0.660
00.001	0.985	0.010	0.004
00.971	0.013	0.008	0.008
00.149	0.267	0.491	0.094
>mES-Nanog-ChIP-Seq(GSE11724)
00.120	0.837	0.034	0.009
00.481	0.232	0.014	0.273
00.014	0.982	0.002	0.001
00.920	0.003	0.011	0.066
00.020	0.018	0.953	0.009
00.008	0.942	0.005	0.044
00.875	0.001	0.042	0.082
00.028	0.001	0.920	0.050
00.002	0.001	0.993	0.004
00.302	0.062	0.504	0.132
00.282	0.036	0.519	0.163
00.233	0.129	0.501	0.137
>mES-Esrrb-ChIP-Seq(GSE11431)
00.202	0.185	0.376	0.237
00.010	0.072	0.012	0.906
00.032	0.070	0.894	0.005
00.865	0.070	0.015	0.050
00.014	0.969	0.008	0.009
00.010	0.961	0.024	0.005
00.009	0.032	0.023	0.936
00.014	0.144	0.012	0.830
00.038	0.196	0.611	0.155
00.483	0.135	0.295	0.087
>Jurkat-ETS1-ChIP-Seq(GSE17954)
00.540	0.088	0.332	0.041
00.093	0.721	0.181	0.004
00.719	0.272	0.008	0.001
00.001	0.001	0.997	0.001
00.001	0.001	0.997	0.001
00.997	0.001	0.001	0.001
00.869	0.001	0.001	0.129
00.116	0.001	0.882	0.001
00.024	0.137	0.001	0.838
00.112	0.128	0.654	0.106
>CD4+-PolII-ChIP-Seq(Barski_et_al.)
00.453	0.329	0.213	0.005
00.864	0.001	0.079	0.056
00.001	0.859	0.093	0.047
00.967	0.031	0.001	0.001
00.001	0.001	0.997	0.001
00.001	0.001	0.997	0.001
00.976	0.001	0.001	0.022
00.821	0.001	0.001	0.177
00.262	0.001	0.736	0.001
00.002	0.254	0.030	0.713
>HPC7-Scl-ChIP-Seq(GSE22178)
00.895	0.032	0.072	0.001
00.001	0.001	0.997	0.001
00.001	0.001	0.997	0.001
00.997	0.001	0.001	0.001
00.889	0.003	0.032	0.076
00.546	0.018	0.435	0.001
00.001	0.997	0.001	0.001
00.965	0.001	0.033	0.001
00.014	0.209	0.573	0.204
00.311	0.65	0.011	0.028
00.053	0.023	0.016	0.908
00.039	0.010	0.854	0.097
>Promoter
00.489	0.205	0.188	0.117
00.499	0.210	0.246	0.045
00.034	0.788	0.159	0.019
00.086	0.895	0.005	0.014
00.006	0.003	0.990	0.002
00.012	0.003	0.983	0.003
00.990	0.005	0.002	0.003
00.978	0.007	0.003	0.012
00.049	0.022	0.923	0.006
00.040	0.157	0.016	0.787
>Jurkat-RUNX1-ChIP-Seq(GSE17954)
00.456	0.109	0.328	0.107
00.231	0.506	0.263	0.001
00.904	0.085	0.001	0.010
00.001	0.001	0.997	0.001
00.007	0.001	0.991	0.001
00.997	0.001	0.001	0.001
00.412	0.001	0.001	0.586
00.001	0.001	0.997	0.001
00.001	0.001	0.001	0.997
00.001	0.001	0.997	0.001
00.001	0.001	0.997	0.001
00.001	0.192	0.263	0.545
>GIST48-ETV1-ChIP-Seq(GSE22441)
00.426	0.192	0.247	0.135
00.564	0.108	0.218	0.111
00.081	0.779	0.116	0.024
00.371	0.595	0.023	0.012
00.013	0.012	0.968	0.008
00.014	0.012	0.963	0.011
00.949	0.016	0.016	0.019
00.857	0.020	0.021	0.102
00.148	0.068	0.761	0.023
00.085	0.209	0.101	0.605
>ES-ER71-ChIP-Seq(GSE59402)
00.213	0.301	0.256	0.230
00.170	0.305	0.235	0.290
00.459	0.136	0.266	0.139
00.023	0.475	0.096	0.406
00.273	0.001	0.016	0.710
00.001	0.001	0.001	0.997
00.001	0.997	0.001	0.001
00.001	0.997	0.001	0.001
00.022	0.022	0.378	0.578
00.054	0.241	0.503	0.202
00.214	0.278	0.171	0.336
00.157	0.274	0.275	0.295
>CADO_ES1-EWS:ERG-ChIP-Seq(SRA014231)
00.871	0.009	0.119	0.001
00.001	0.155	0.001	0.843
00.001	0.001	0.001	0.997
00.001	0.001	0.001	0.997
00.001	0.997	0.001	0.001
00.001	0.997	0.001	0.001
00.001	0.001	0.041	0.957
00.001	0.105	0.805	0.089
00.194	0.277	0.053	0.476
00.220	0.269	0.276	0.235
>SK_N_MC-EWS:FLI1-ChIP-Seq(SRA014231)
00.356	0.230	0.227	0.187
00.638	0.001	0.201	0.160
00.001	0.997	0.001	0.001
00.802	0.196	0.001	0.001
00.001	0.001	0.997	0.001
00.001	0.001	0.997	0.001
00.997	0.001	0.001	0.001
00.997	0.001	0.001	0.001
00.644	0.001	0.354	0.001
00.001	0.309	0.001	0.689
>CD8-FLI-ChIP-Seq(GSE20898)
00.186	0.329	0.237	0.249
00.395	0.129	0.326	0.150
00.073	0.421	0.134	0.372
00.246	0.029	0.095	0.630
00.070	0.009	0.078	0.843
00.030	0.880	0.001	0.089
00.001	0.941	0.030	0.028
00.063	0.095	0.565	0.277
00.101	0.258	0.460	0.181
00.220	0.295	0.131	0.355
>3T3L1-Fosl2-ChIP-Seq(GSE56872)
00.276	0.202	0.315	0.207
00.430	0.200	0.274	0.096
00.054	0.023	0.033	0.890
00.029	0.062	0.775	0.134
00.788	0.037	0.038	0.137
00.092	0.402	0.437	0.069
00.073	0.075	0.073	0.779
00.136	0.738	0.093	0.033
00.884	0.031	0.029	0.056
00.088	0.265	0.270	0.377
00.235	0.317	0.171	0.277
00.240	0.313	0.247	0.201
>LNCAP-FOXA1-ChIP-Seq(GSE27824)
00.483	0.026	0.010	0.481
00.644	0.067	0.240	0.049
00.575	0.002	0.111	0.313
00.128	0.001	0.870	0.001
00.001	0.152	0.001	0.846
00.893	0.105	0.001	0.001
00.969	0.029	0.001	0.001
00.997	0.001	0.001	0.001
00.001	0.775	0.001	0.223
00.997	0.001	0.001	0.001
>MCF7-FOXA1-ChIP-Seq(GSE26831)
00.498	0.005	0.001	0.496
00.681	0.037	0.248	0.034
00.596	0.001	0.096	0.307
00.114	0.001	0.884	0.001
00.001	0.153	0.001	0.845
00.931	0.067	0.001	0.001
00.985	0.013	0.001	0.001
00.997	0.001	0.001	0.001
00.001	0.714	0.001	0.284
00.997	0.001	0.001	0.001
>Liver-Foxa2-ChIP-Seq(GSE25694)
00.101	0.435	0.265	0.199
00.154	0.323	0.146	0.377
00.001	0.001	0.001	0.997
00.180	0.001	0.818	0.001
00.001	0.001	0.001	0.997
00.001	0.001	0.043	0.955
00.001	0.001	0.274	0.724
00.946	0.001	0.052	0.001
00.004	0.984	0.001	0.012
00.441	0.135	0.001	0.423
00.092	0.366	0.139	0.404
00.508	0.025	0.063	0.405
>Panc1-Foxa2-ChIP-Seq(GSE47459)
00.228	0.275	0.269	0.229
00.269	0.205	0.263	0.262
00.225	0.248	0.299	0.229
00.233	0.319	0.323	0.125
00.099	0.617	0.113	0.171
00.360	0.001	0.001	0.638
00.273	0.128	0.571	0.028
00.387	0.001	0.135	0.476
00.097	0.001	0.814	0.088
00.001	0.437	0.016	0.546
00.827	0.156	0.005	0.012
00.706	0.282	0.001	0.011
00.995	0.001	0.001	0.003
00.001	0.843	0.001	0.155
00.997	0.001	0.001	0.001
00.184	0.296	0.351	0.169
00.306	0.205	0.261	0.227
>hESC-FOXH1-ChIP-Seq(GSE29422)
00.259	0.191	0.278	0.272
00.241	0.285	0.184	0.291
00.176	0.105	0.064	0.655
00.001	0.001	0.997	0.001
00.001	0.114	0.001	0.884
00.001	0.001	0.809	0.189
00.001	0.001	0.702	0.296
00.997	0.001	0.001	0.001
00.138	0.040	0.021	0.801
00.001	0.051	0.001	0.947
00.166	0.325	0.337	0.172
00.187	0.287	0.381	0.144
>U2OS-FOXK2-ChIP-Seq(E-MTAB-2204)
00.145	0.329	0.406	0.121
00.111	0.555	0.274	0.060
00.341	0.254	0.113	0.292
00.004	0.001	0.001	0.994
00.095	0.001	0.903	0.001
00.001	0.001	0.001	0.997
00.003	0.001	0.031	0.965
00.002	0.001	0.204	0.793
00.834	0.063	0.008	0.095
00.001	0.794	0.002	0.203
00.471	0.227	0.101	0.201
00.219	0.193	0.122	0.465
>Ovary-FoxL2-ChIP-Seq(GSE60858)
00.490	0.001	0.128	0.381
00.394	0.183	0.161	0.263
00.250	0.052	0.130	0.568
00.476	0.001	0.522	0.001
00.001	0.001	0.001	0.997
00.947	0.051	0.001	0.001
00.997	0.001	0.001	0.001
00.997	0.001	0.001	0.001
00.001	0.961	0.001	0.037
00.997	0.001	0.001	0.001
00.331	0.277	0.225	0.167
00.172	0.246	0.413	0.168
>MCF7-FOXM1-ChIP-Seq(GSE72977)
00.022	0.024	0.033	0.921
00.478	0.001	0.520	0.001
00.001	0.053	0.001	0.945
00.001	0.001	0.100	0.898
00.001	0.001	0.241	0.757
00.617	0.001	0.381	0.001
00.015	0.793	0.022	0.170
00.132	0.296	0.001	0.571
00.027	0.296	0.129	0.548
00.517	0.036	0.043	0.404
>RAW-Foxo1-ChIP-Seq(Fan_et_al.)
00.050	0.583	0.184	0.184
00.001	0.001	0.001	0.997
00.001	0.001	0.997	0.001
00.001	0.117	0.001	0.881
00.001	0.001	0.001	0.997
00.001	0.001	0.183	0.815
00.769	0.175	0.001	0.055
00.001	0.897	0.001	0.101
>U2OS-Foxo3-ChIP-Seq(E-MTAB-2701)
00.278	0.134	0.240	0.349
00.048	0.001	0.950	0.001
00.001	0.001	0.001	0.997
00.993	0.005	0.001	0.001
00.997	0.001	0.001	0.001
00.997	0.001	0.001	0.001
00.001	0.997	0.001	0.001
00.997	0.001	0.001	0.001
>H9-FOXP1-ChIP-Seq(GSE31006)
00.226	0.242	0.226	0.306
00.164	0.337	0.180	0.320
00.046	0.385	0.230	0.339
00.001	0.001	0.001	0.997
00.022	0.001	0.976	0.001
00.001	0.001	0.001	0.997
00.001	0.001	0.001	0.997
00.001	0.001	0.001	0.997
00.997	0.001	0.001	0.001
00.001	0.873	0.002	0.124
00.282	0.312	0.099	0.308
00.313	0.197	0.224	0.266
>BT549-Fra1-ChIP-Seq(GSE46166)
00.227	0.228	0.279	0.266
00.285	0.199	0.287	0.229
00.461	0.212	0.256	0.070
00.017	0.005	0.016	0.962
00.015	0.009	0.745	0.231
00.949	0.010	0.001	0.040
00.097	0.363	0.411	0.130
00.028	0.013	0.026	0.933
00.189	0.789	0.009	0.013
00.963	0.012	0.001	0.024
00.074	0.253	0.198	0.475
00.244	0.347	0.172	0.237
>Striatum-Fra2-ChIP-Seq(GSE43429)
00.227	0.135	0.402	0.236
00.209	0.152	0.466	0.172
00.580	0.163	0.240	0.017
00.002	0.002	0.002	0.994
00.001	0.002	0.983	0.014
00.992	0.002	0.002	0.004
00.051	0.609	0.293	0.047
00.006	0.002	0.002	0.990
00.026	0.971	0.002	0.001
00.992	0.002	0.003	0.003
00.029	0.204	0.201	0.566
00.183	0.455	0.149	0.213
>Liver-FXR-ChIP-Seq(Chong_et_al.)
00.531	0.067	0.360	0.041
00.064	0.001	0.862	0.073
00.025	0.013	0.835	0.127
00.060	0.151	0.167	0.622
00.005	0.860	0.079	0.057
00.906	0.028	0.041	0.024
00.262	0.223	0.260	0.255
00.027	0.066	0.035	0.872
00.054	0.076	0.863	0.008
00.621	0.160	0.152	0.066
00.128	0.836	0.013	0.023
00.053	0.890	0.001	0.056
00.053	0.338	0.072	0.537
00.138	0.347	0.250	0.265
>Jurkat-GABPa-ChIP-Seq(GSE17954)
00.379	0.214	0.240	0.167
00.488	0.123	0.269	0.120
00.081	0.733	0.156	0.030
00.290	0.634	0.038	0.038
00.034	0.029	0.915	0.022
00.033	0.042	0.900	0.024
00.864	0.038	0.046	0.053
00.864	0.029	0.035	0.072
00.136	0.069	0.756	0.038
00.073	0.213	0.079	0.635
>K562-GATA2-ChIP-Seq(GSE18829)
00.152	0.286	0.226	0.336
00.021	0.386	0.244	0.350
00.001	0.775	0.172	0.052
00.001	0.004	0.001	0.994
00.001	0.001	0.001	0.997
00.997	0.001	0.001	0.001
00.001	0.001	0.001	0.997
00.001	0.997	0.001	0.001
00.266	0.001	0.028	0.705
00.067	0.380	0.379	0.175
>iTreg-Gata3-ChIP-Seq(GSE20898)
00.817	0.001	0.001	0.181
00.001	0.001	0.997	0.001
00.981	0.017	0.001	0.001
00.001	0.001	0.001	0.997
00.027	0.245	0.538	0.190
00.227	0.145	0.246	0.382
00.301	0.127	0.336	0.236
00.227	0.200	0.382	0.190
00.836	0.001	0.001	0.162
00.001	0.001	0.997	0.001
00.997	0.001	0.001	0.001
00.001	0.001	0.001	0.997
00.872	0.001	0.001	0.126
00.637	0.001	0.272	0.090
00.236	0.244	0.429	0.090
>iTreg-Gata3-ChIP-Seq(GSE20898)
00.778	0.001	0.001	0.220
00.001	0.001	0.997	0.001
00.997	0.001	0.001	0.001
00.001	0.001	0.001	0.997
00.001	0.347	0.419	0.233
00.186	0.108	0.269	0.438
00.240	0.305	0.245	0.210
00.342	0.126	0.257	0.275
00.336	0.203	0.270	0.191
00.311	0.312	0.179	0.198
00.312	0.125	0.287	0.276
00.054	0.502	0.420	0.024
00.683	0.001	0.001	0.315
00.001	0.001	0.997	0.001
00.997	0.001	0.001	0.001
00.001	0.001	0.001	0.997
00.689	0.001	0.077	0.233
00.498	0.024	0.334	0.143
00.174	0.299	0.341	0.186
00.330	0.221	0.209	0.239
>iTreg-Gata3-ChIP-Seq(GSE20898)
00.296	0.200	0.290	0.213
00.290	0.191	0.277	0.242
00.258	0.208	0.296	0.238
00.305	0.221	0.255	0.219
00.294	0.167	0.266	0.273
00.167	0.337	0.307	0.189
00.593	0.001	0.001	0.405
00.001	0.001	0.997	0.001
00.997	0.001	0.001	0.001
00.001	0.001	0.001	0.997
00.423	0.168	0.236	0.172
00.391	0.001	0.213	0.395
00.168	0.257	0.183	0.392
00.997	0.001	0.001	0.001
00.001	0.001	0.001	0.997
00.001	0.997	0.001	0.001
00.413	0.001	0.001	0.585
00.197	0.298	0.334	0.172
00.302	0.290	0.127	0.281
00.253	0.245	0.212	0.290
>iTreg-Gata3-ChIP-Seq(GSE20898)
00.213	0.325	0.242	0.220
00.614	0.001	0.001	0.384
00.001	0.001	0.997	0.001
00.997	0.001	0.001	0.001
00.001	0.001	0.001	0.997
00.382	0.189	0.183	0.246
00.308	0.209	0.297	0.186
00.184	0.280	0.202	0.334
00.279	0.186	0.234	0.301
00.997	0.001	0.001	0.001
00.001	0.001	0.001	0.997
00.001	0.997	0.001	0.001
00.381	0.001	0.001	0.617
00.228	0.234	0.299	0.239
00.245	0.276	0.204	0.275
>iTreg-Gata3-ChIP-Seq(GSE20898)
00.662	0.066	0.006	0.266
00.001	0.007	0.991	0.001
00.989	0.004	0.001	0.006
00.002	0.023	0.001	0.974
00.825	0.061	0.011	0.103
00.778	0.048	0.129	0.045
00.184	0.401	0.348	0.067
00.433	0.167	0.359	0.041
>Heart-Gata4-ChIP-Seq(GSE35151)
00.266	0.279	0.302	0.153
00.163	0.343	0.300	0.195
00.504	0.111	0.006	0.379
00.001	0.001	0.997	0.001
00.997	0.001	0.001	0.001
00.001	0.001	0.001	0.997
00.862	0.001	0.005	0.132
00.963	0.001	0.019	0.017
00.100	0.252	0.636	0.012
00.398	0.209	0.351	0.041
>HUG1N-GATA6-ChIP-Seq(GSE51936)
00.031	0.351	0.214	0.403
00.025	0.754	0.129	0.092
00.026	0.029	0.012	0.933
00.038	0.015	0.011	0.936
00.950	0.008	0.017	0.025
00.012	0.015	0.012	0.961
00.021	0.963	0.005	0.011
00.314	0.013	0.054	0.619
00.169	0.289	0.329	0.213
00.234	0.266	0.246	0.254
>K562-GATA1-ChIP-Seq(GSE18829)
00.109	0.469	0.365	0.057
00.700	0.024	0.001	0.275
00.001	0.001	0.997	0.001
00.997	0.001	0.001	0.001
00.001	0.001	0.001	0.997
00.997	0.001	0.001	0.001
00.997	0.001	0.001	0.001
00.023	0.145	0.830	0.001
00.311	0.237	0.434	0.018
00.309	0.275	0.292	0.124
>Ter119-SCL-ChIP-Seq(GSE18720)
00.193	0.433	0.190	0.184
00.322	0.085	0.374	0.219
00.047	0.251	0.450	0.251
00.035	0.842	0.120	0.003
00.047	0.001	0.001	0.951
00.001	0.001	0.989	0.009
00.032	0.357	0.348	0.263
00.219	0.199	0.327	0.254
00.140	0.249	0.404	0.208
00.196	0.272	0.313	0.219
00.175	0.287	0.345	0.193
00.208	0.336	0.269	0.187
00.310	0.193	0.295	0.202
00.117	0.433	0.368	0.082
00.675	0.015	0.006	0.304
00.001	0.001	0.997	0.001
00.997	0.001	0.001	0.001
00.001	0.041	0.001	0.957
00.981	0.001	0.003	0.015
00.675	0.044	0.225	0.056
>HPC7-Gfi1b-ChIP-Seq(GSE22178)
00.430	0.389	0.102	0.078
00.997	0.001	0.001	0.001
00.990	0.008	0.001	0.001
00.001	0.031	0.022	0.946
00.001	0.997	0.001	0.001
00.566	0.019	0.001	0.413
00.018	0.724	0.257	0.001
00.393	0.001	0.053	0.553
00.003	0.001	0.995	0.001
00.018	0.891	0.001	0.091
>Promoter
00.542	0.139	0.260	0.059
00.211	0.230	0.146	0.413
00.004	0.067	0.006	0.923
00.065	0.887	0.036	0.012
00.007	0.036	0.021	0.936
00.007	0.988	0.001	0.004
00.015	0.008	0.973	0.004
00.007	0.980	0.005	0.007
00.003	0.016	0.976	0.004
00.928	0.034	0.025	0.012
00.012	0.036	0.893	0.058
00.923	0.010	0.053	0.014
>Promoter
00.770	0.102	0.068	0.060
00.043	0.874	0.047	0.036
00.078	0.124	0.048	0.751
00.659	0.158	0.113	0.070
00.064	0.852	0.049	0.035
00.778	0.110	0.074	0.038
00.630	0.117	0.122	0.132
00.075	0.176	0.121	0.628
00.039	0.095	0.073	0.792
00.041	0.844	0.043	0.073
00.026	0.918	0.027	0.029
00.052	0.875	0.026	0.048
>Promoter
00.543	0.005	0.452	0.001
00.997	0.001	0.001	0.001
00.001	0.997	0.001	0.001
00.001	0.007	0.001	0.991
00.997	0.001	0.001	0.001
00.001	0.997	0.001	0.001
00.898	0.026	0.075	0.001
00.518	0.092	0.080	0.311
00.097	0.259	0.080	0.564
00.035	0.001	0.001	0.963
00.001	0.963	0.001	0.035
00.001	0.997	0.001	0.001
00.001	0.997	0.001	0.001
00.942	0.001	0.056	0.001
00.113	0.096	0.713	0.078
00.527	0.266	0.181	0.026
00.830	0.007	0.162	0.001
00.071	0.016	0.426	0.487
00.009	0.085	0.824	0.082
00.005	0.958	0.007	0.031
>Limb-GLI3-ChIP-Chip(GSE11077)
00.088	0.564	0.128	0.219
00.071	0.264	0.546	0.119
00.028	0.024	0.015	0.933
00.020	0.005	0.959	0.015
00.001	0.001	0.902	0.096
00.005	0.013	0.980	0.002
00.033	0.006	0.011	0.951
00.007	0.002	0.990	0.001
00.009	0.002	0.972	0.016
00.005	0.074	0.041	0.880
00.014	0.958	0.015	0.013
00.078	0.634	0.041	0.246
>A549-GR-ChIP-Seq(GSE32465)
00.251	0.287	0.290	0.171
00.458	0.001	0.412	0.128
00.030	0.001	0.968	0.001
00.354	0.209	0.303	0.134
00.997	0.001	0.001	0.001
00.001	0.997	0.001	0.001
00.789	0.001	0.134	0.076
00.102	0.273	0.361	0.264
00.282	0.218	0.214	0.286
00.251	0.374	0.269	0.106
00.091	0.118	0.001	0.790
00.001	0.001	0.997	0.001
00.001	0.001	0.001	0.997
00.138	0.304	0.199	0.359
00.001	0.974	0.001	0.024
00.129	0.429	0.001	0.441
>RAW264.7-GRE-ChIP-Seq(Unpublished)
00.232	0.373	0.231	0.163
00.619	0.006	0.262	0.113
00.058	0.005	0.924	0.013
00.433	0.120	0.287	0.160
00.957	0.008	0.015	0.020
00.002	0.963	0.008	0.027
00.767	0.019	0.135	0.079
00.123	0.231	0.249	0.397
00.259	0.179	0.165	0.397
00.210	0.403	0.228	0.160
00.101	0.044	0.009	0.846
00.006	0.015	0.972	0.007
00.021	0.026	0.018	0.935
00.179	0.288	0.131	0.401
00.041	0.865	0.014	0.080
>HBE-GRHL2-ChIP-Seq(GSE46194)
00.528	0.114	0.244	0.114
00.737	0.031	0.149	0.083
00.738	0.009	0.130	0.123
00.001	0.916	0.082	0.001
00.202	0.446	0.002	0.350
00.255	0.011	0.408	0.327
00.001	0.001	0.997	0.001
00.180	0.221	0.011	0.588
00.214	0.256	0.021	0.509
00.298	0.171	0.122	0.409
00.370	0.050	0.271	0.308
00.453	0.032	0.248	0.268
00.001	0.975	0.004	0.020
00.321	0.417	0.009	0.253
00.409	0.006	0.383	0.203
00.003	0.161	0.831	0.005
00.155	0.143	0.030	0.672
00.097	0.165	0.055	0.683
00.126	0.251	0.121	0.502
